Krzyzowanie rodzica: 
[458, 842] [79, 463] [204, 178] [289, 474] [289, 748] [6, 79] [726, 283] [987, 258] [593, 510] [507, 872] 
z rodzicem: 
[458, 842] [79, 463] [204, 178] [289, 474] [289, 748] [6, 79] [726, 283] [987, 258] [593, 510] [507, 872] 
dziecko: 
[458, 842] [79, 463] [204, 178] [289, 474] [289, 748] [6, 79] [726, 283] [987, 258] [593, 510] [507, 872] 
Krzyzowanie rodzica: 
[458, 842] [79, 463] [204, 178] [289, 474] [289, 748] [6, 79] [726, 283] [987, 258] [593, 510] [507, 872] 
z rodzicem: 
[458, 842] [79, 463] [204, 178] [289, 474] [289, 748] [6, 79] [726, 283] [987, 258] [593, 510] [507, 872] 
dziecko: 
[458, 842] [79, 463] [204, 178] [289, 474] [289, 748] [6, 79] [726, 283] [987, 258] [593, 510] [507, 872] 
Krzyzowanie rodzica: 
[458, 842] [79, 463] [204, 178] [507, 872] [289, 748] [6, 79] [726, 283] [987, 258] [593, 510] [289, 474] 
z rodzicem: 
[458, 842] [79, 463] [204, 178] [289, 474] [289, 748] [6, 79] [726, 283] [987, 258] [593, 510] [507, 872] 
dziecko: 
[458, 842] [79, 463] [204, 178] [507, 872] [289, 748] [6, 79] [726, 283] [987, 258] [593, 510] [289, 474] 
Osobnik przed mutacja: 
[458, 842] [79, 463] [204, 178] [289, 474] [289, 748] [6, 79] [726, 283] [987, 258] [593, 510] [507, 872] 
Osobnik po mutacji: 
[458, 842] [79, 463] [204, 178] [289, 474] [289, 748] [987, 258] [726, 283] [6, 79] [593, 510] [507, 872] 
